   igrf25
   13  6371.2 2025.0
    1     0    -29350.00         0.00
    1     1     -1410.30      4545.50
    2     0     -2556.20         0.00
    2     1      2950.90     -3133.60
    2     2      1648.70      -814.20
    3     0      1360.90         0.00
    3     1     -2404.20       -56.90
    3     2      1243.80       237.60
    3     3       453.40      -549.60
    4     0       894.70         0.00
    4     1       799.60       278.60
    4     2        55.80      -134.00
    4     3      -281.10       212.00
    4     4        12.00      -375.40
    5     0      -232.90         0.00
    5     1       369.00        45.30
    5     2       187.20       220.00
    5     3      -138.70      -122.90
    5     4      -141.90        42.90
    5     5        20.90       106.20
    6     0        64.30         0.00
    6     1        63.80       -18.40
    6     2        76.70        16.80
    6     3      -115.70        48.90
    6     4       -40.90       -59.80
    6     5        14.90        10.90
    6     6       -60.80        72.80
    7     0        79.60         0.00
    7     1       -76.90       -48.90
    7     2        -8.80       -14.40
    7     3        59.30        -1.00
    7     4        15.80        23.50
    7     5         2.50        -7.40
    7     6       -11.20       -25.10
    7     7        14.30        -2.20
    8     0        23.10         0.00
    8     1        10.90         7.20
    8     2       -17.50       -12.60
    8     3         2.00        11.50
    8     4       -21.80        -9.70
    8     5        16.90        12.70
    8     6        14.90         0.70
    8     7       -16.80        -5.20
    8     8         1.00         3.90
    9     0         4.70         0.00
    9     1         8.00       -24.80
    9     2         3.00        12.10
    9     3        -0.20         8.30
    9     4        -2.50        -3.40
    9     5       -13.10        -5.30
    9     6         2.40         7.20
    9     7         8.60        -0.60
    9     8        -8.70         0.80
    9     9       -12.80         9.80
   10     0        -1.30         0.00
   10     1        -6.40         3.30
   10     2         0.20         0.10
   10     3         2.00         2.50
   10     4        -1.00         5.40
   10     5        -0.50        -9.00
   10     6        -0.90         0.40
   10     7         1.50        -4.20
   10     8         0.90        -3.80
   10     9        -2.60         0.90
   10    10        -3.90        -9.00
   11     0         3.00         0.00
   11     1        -1.40         0.00
   11     2        -2.50         2.80
   11     3         2.40        -0.60
   11     4        -0.60         0.10
   11     5         0.00         0.50
   11     6        -0.60        -0.30
   11     7        -0.10        -1.20
   11     8         1.10        -1.70
   11     9        -1.00        -2.90
   11    10        -0.10        -1.80
   11    11         2.60        -2.30
   12     0        -2.00         0.00
   12     1        -0.10        -1.20
   12     2         0.40         0.60
   12     3         1.20         1.00
   12     4        -1.20        -1.50
   12     5         0.60         0.00
   12     6         0.50         0.60
   12     7         0.50        -0.20
   12     8        -0.10         0.80
   12     9        -0.50         0.10
   12    10        -0.20        -0.90
   12    11        -1.20         0.10
   12    12        -0.70         0.20
   13     0         0.20         0.00
   13     1        -0.90        -0.90
   13     2         0.60         0.70
   13     3         0.70         1.20
   13     4        -0.20        -0.30
   13     5         0.50        -1.30
   13     6         0.10        -0.10
   13     7         0.70         0.20
   13     8         0.00        -0.20
   13     9         0.30         0.50
   13    10         0.20         0.60
   13    11         0.40        -0.60
   13    12        -0.50        -0.30
   13    13        -0.40        -0.50
